Date,Open,High,Low,Close,Adj Close,Volume,Stock Name,polarity_score,SMA(5),SMA(20),SMA,Signal,Order,Portfolio Value
2020-01-02,74.05999755859375,75.1500015258789,73.79750061035156,75.0875015258789,73.0594253540039,135480400,AAPL,0.6369,73.0594253540039,73.0594253540039,,0,,1000.0
2020-01-07,74.95999908447266,75.2249984741211,74.37000274658203,74.59750366210938,72.5826416015625,108872000,AAPL,0.4019,71.88006919507316,71.88006919507316,,0,0.0,1000.0
2020-01-13,77.91000366210938,79.26750183105469,77.7874984741211,79.23999786376953,77.09976196289062,121532000,AAPL,0.0,75.38004922594915,75.38004922594915,,0,0.0,1000.0
2020-01-14,79.17500305175781,79.39250183105469,78.0425033569336,78.16999816894531,76.05866241455078,161954400,AAPL,0.0,74.97953598536824,74.97953598536824,,0,0.0,1000.0
2020-01-16,78.39749908447266,78.92500305175781,78.02249908447266,78.80999755859375,76.681396484375,108829200,AAPL,-0.7269,73.72454028264114,73.72454028264114,,0,0.0,1000.0
2020-01-17,79.06749725341797,79.68499755859375,78.75,79.68250274658203,77.53030395507812,137816400,AAPL,0.0,74.1649726592328,74.18584991271182,,0,0.0,1000.0
2020-01-28,78.1500015258789,79.5999984741211,78.04750061035156,79.42250061035156,77.27733612060547,162234000,AAPL,0.7351,75.8816678070799,74.95043527513906,,0,0.0,1000.0
2020-01-29,81.11250305175781,81.9625015258789,80.34500122070312,81.08499908447266,78.89495086669922,216229200,AAPL,-0.5267,75.88800406120981,74.70046765364698,,0,0.0,1000.0
2020-01-31,80.23249816894531,80.66999816894531,77.07250213623047,77.37750244140625,75.28756713867188,199588400,AAPL,0.34,75.64075814189354,74.86213879319173,,0,0.0,1000.0
2020-02-12,80.36750030517578,81.80500030517578,80.36750030517578,81.80000305175781,79.77952575683594,113730400,AAPL,0.0,76.76670186080912,75.2182748797923,,0,0.0,1000.0
2020-02-21,79.65499877929688,80.11250305175781,77.625,78.26249694824219,76.32939910888672,129554000,AAPL,0.0,76.52835547620751,75.35205656493478,,0,0.0,1000.0
2020-03-02,70.56999969482422,75.36000061035156,69.43000030517578,74.70249938964844,72.8573226928711,341397200,AAPL,0.1027,74.67782156976439,75.2961558777534,,0,0.0,1000.0
2020-03-04,74.11000061035156,75.8499984741211,73.28250122070312,75.68499755859375,73.8155288696289,219178400,AAPL,0.0,75.25143921550541,74.85540204895942,,0,0.0,1000.0
2020-03-16,60.48749923706055,64.7699966430664,60.0,60.5525016784668,59.056827545166016,322423600,AAPL,0.0,72.65221786119437,69.11526286293079,,0,0.0,1000.0
2020-03-23,57.02000045776367,57.125,53.15250015258789,56.09249877929688,54.70699691772461,336752800,AAPL,0.5233,78.29057991816187,76.32919792937545,,0,0.0,1000.0
2020-04-02,60.084999084472656,61.28749847412109,59.22499847412109,61.23249816894531,59.72003555297852,165934000,AAPL,0.4215,78.9483570770114,78.94152621462,,0,0.0,1000.0
2020-04-15,70.5999984741211,71.5824966430664,70.15750122070312,71.10749816894531,69.35112762451172,131154400,AAPL,0.0258,74.55230235835248,71.880022921998,,0,0.0,1000.0
2020-04-17,71.17250061035156,71.73750305175781,69.21499633789062,70.69999694824219,68.95368957519531,215250000,AAPL,0.0,69.5496673249569,77.98753458474951,,0,0.0,1000.0
2020-04-21,69.06999969482422,69.3125,66.35749816894531,67.09249877929688,65.43529510498047,180991600,AAPL,0.0,70.36133691494983,74.1571595525908,,0,0.0,1000.0
2020-04-29,71.18250274658203,72.4175033569336,70.97250366210938,71.93250274658203,70.15575408935547,137280800,AAPL,0.34,68.6506186936529,73.21060640745877,73.63162479400634,0,0.0,1000.0
2020-04-30,72.48999786376953,73.63249969482422,72.0875015258789,73.44999694824219,71.63575744628906,183064000,AAPL,0.5267,69.04608337053982,73.96154190805701,73.54974956512451,0,0.0,1000.0
2020-05-06,75.11499786376953,75.80999755859375,74.71749877929688,75.15750122070312,73.30109405517578,142333600,AAPL,0.6249,71.54202343809402,76.42256940826216,73.5777494430542,1,1.0,1000.0
2020-05-21,79.66500091552734,80.22250366210938,78.96749877929688,79.2125015258789,77.4650650024414,102688800,AAPL,0.0,76.36984784694708,78.55367121598246,73.57637462615966,0,-1.0,1400.0
2020-05-22,78.94249725341797,79.80750274658203,78.8375015258789,79.72250366210938,77.96381378173828,81803200,AAPL,-0.0516,76.47258616487046,80.49889497418572,73.65399990081787,0,0.0,1401.2876809251222
2020-06-12,86.18000030517578,86.94999694824219,83.55500030517578,84.69999694824219,82.83147430419922,200146000,AAPL,0.0,79.6735952203807,78.78195670768311,73.9484998703003,0,0.0,1413.8551246751638
2020-06-16,87.86499786376953,88.30000305175781,86.18000030517578,88.0199966430664,86.07825469970703,165428800,AAPL,0.0,81.11806390525999,79.4748691046342,74.36537456512451,0,0.0,1422.2376391289954
2020-06-18,87.85250091552734,88.36250305175781,87.30500030517578,87.93250274658203,85.99269104003906,96820400,AAPL,-0.4939,77.24232792246556,77.09931901404647,74.79087467193604,0,0.0,1422.0167298159477
2020-06-19,88.66000366210938,89.13999938964844,86.2874984741211,87.43000030517578,85.50127410888672,264476000,AAPL,0.0,80.06536929216881,78.81577302943784,75.10812473297119,0,0.0,1420.7479845251755
2020-06-22,87.83499908447266,89.86499786376953,87.7874984741211,89.71749877929688,87.7383041381836,135445200,AAPL,0.0,84.00481500043605,80.61634058745477,75.72512454986573,0,0.0,1426.523584159215
2020-06-23,91.0,93.09500122070312,90.56749725341795,91.63249969482422,89.61106872558594,212155600,AAPL,0.0,85.41771604830751,81.05156723731213,76.21674938201905,0,0.0,1431.358681848692
2020-06-26,91.10250091552734,91.33000183105467,88.25499725341797,88.40750122070312,86.45720672607422,205256800,AAPL,0.5093,85.79932207814163,82.41499886978629,76.72399959564208,1,1.0,976.7839683946348
2020-06-29,88.3125,90.5425033569336,87.81999969482422,90.44499969482422,88.44976806640625,130646000,AAPL,0.0,86.81851236482083,82.80187626735842,77.51112461090088,0,-1.0,1367.4975557524888
2020-07-02,91.9625015258789,92.61750030517578,90.91000366210938,91.02749633789062,89.01940155029297,114041600,AAPL,0.0,87.40692638206625,84.27759184139228,78.27824954986572,0,0.0,1368.7557201275472
2020-07-15,98.98999786376952,99.24749755859376,96.48999786376952,97.7249984741211,95.56917572021484,153198000,AAPL,0.0,90.01623202754823,86.17458263507838,80.13687438964844,0,0.0,1383.2219985001107
2020-07-28,94.36750030517578,94.5500030517578,93.24749755859376,93.25250244140624,91.19532012939452,103625600,AAPL,-0.3612,88.62390847583598,86.43234378125929,81.9948745727539,0,0.0,1373.561624928979
2020-08-04,109.13249969482422,110.79000091552734,108.3874969482422,109.66500091552734,107.24576568603516,173071600,AAPL,0.2023,87.02991536655712,85.43124130317457,84.416499710083,1,1.0,935.269701982442
2020-08-07,113.20500183105467,113.6750030517578,110.2925033569336,111.1125030517578,108.85723876953124,198045600,AAPL,0.0772,89.94739049981072,92.43589078716622,86.41674995422363,1,0.0,935.269701982442
2020-08-12,110.49749755859376,113.2750015258789,110.29750061035156,113.01000213623048,110.71623229980467,165598000,AAPL,0.0,94.93948038312888,95.10187835489788,88.53225021362304,0,-1.0,1309.377582775419
2020-08-13,114.43000030517578,116.0425033569336,113.92749786376952,115.01000213623048,112.67565155029295,210082000,AAPL,-0.5574,82.11475398451712,85.23622952856991,90.92812538146973,0,0.0,1312.6879789679788
2020-08-14,114.83000183105467,115.0,113.04499816894533,114.90750122070312,112.57522583007812,165565200,AAPL,-0.2732,107.87076593938211,79.81282599259069,93.07687530517578,0,0.0,1312.518319647731
2020-08-19,115.98249816894533,117.1624984741211,115.61000061035156,115.7074966430664,113.35899353027344,145538000,AAPL,0.0516,109.60235880505908,79.01913188763068,95.18975028991699,1,1.0,930.8048142100013
2020-08-20,115.75,118.39250183105467,115.73249816894533,118.2750015258789,115.87437438964844,126907200,AAPL,0.0,110.92270346156715,84.48277361638047,97.34562530517579,0,-1.0,1303.126739894002
2020-08-25,124.69750213623048,125.18000030517578,123.05249786376952,124.8249969482422,122.29141235351562,211495600,AAPL,-0.3818,106.37243898935564,83.8601565097891,99.62625007629394,0,0.0,1313.4362172874226
2020-08-26,126.18000030517578,126.99250030517578,125.0824966430664,126.52249908447266,123.95445251464844,163022400,AAPL,0.0,109.77777352189155,87.93038572318848,101.96624984741212,0,0.0,1316.1080298262527
2020-08-31,127.58000183105467,131.0,126.0,129.0399932861328,126.42086791992188,225702700,AAPL,-0.1027,113.76014300478525,104.35356236653536,104.18324966430664,0,0.0,1320.070482910032
2020-09-01,132.75999450683594,134.8000030517578,130.52999877929688,134.17999267578125,131.45655822753906,151948100,AAPL,0.4215,119.42961411184983,104.66204965340891,106.49124946594239,1,1.0,905.7708811872953
2020-09-02,137.58999633789062,137.97999572753906,127.0,131.39999389648438,128.73297119140625,200119000,AAPL,0.4215,125.23277530796899,108.67476186813887,108.6646240234375,1,0.0,905.7708811872953
2020-09-15,118.33000183105467,118.83000183105467,113.61000061035156,115.54000091552734,113.19490051269533,184642000,AAPL,0.0,130.05739910166864,109.68494285229477,110.07012405395508,0,-1.0,1268.0792336622135
2020-09-17,109.72000122070312,112.1999969482422,108.70999908447266,110.33999633789062,108.10041046142578,178011000,AAPL,0.0,134.10319102881118,114.64937082955882,111.10124893188477,0,0.0,1259.9261910948908
2020-09-18,110.4000015258789,110.87999725341795,106.08999633789062,106.83999633789062,104.67146301269533,287104900,AAPL,-0.3182,122.34725681868869,111.96629375215223,111.86162376403809,-1,-1.0,1521.695080394656
2020-09-24,105.16999816894533,110.25,105.0,108.22000122070312,106.02346801757812,167743300,AAPL,-0.3818,92.26210287606797,102.3597055158441,112.85224876403808,-1,0.0,1524.5029462462303
2020-09-25,108.43000030517578,112.44000244140624,107.66999816894533,112.27999877929688,110.00104522705078,149981400,AAPL,-0.3818,102.50916535701194,92.96382275239829,113.94399871826172,-1,0.0,1532.7637347725847
2020-09-28,115.01000213623048,115.31999969482422,112.77999877929688,114.95999908447266,112.62665557861328,137672400,AAPL,0.0,102.9572966682128,99.99171476717048,115.14062385559082,0,1.0,1070.4034648486831
2020-10-06,115.6999969482422,116.12000274658205,112.25,113.16000366210938,110.86319732666016,161498200,AAPL,-0.4588,100.89065793188483,90.44469441850991,115.91237411499023,-1,-1.0,1498.5648507881565
2020-10-09,115.27999877929688,117.0,114.91999816894533,116.97000122070312,114.59586334228516,100506900,AAPL,0.0,104.78570907353131,94.72421878079061,117.09824905395507,0,1.0,1063.1955566553233
2020-10-13,125.2699966430664,125.38999938964844,119.6500015258789,121.0999984741211,118.64202117919922,262330500,AAPL,0.0,108.35454684793459,98.82981858495603,117.66999893188476,0,0.0,1063.1955566553233
2020-10-16,121.27999877929688,121.5500030517578,118.80999755859376,119.0199966430664,116.60426330566406,115393800,AAPL,0.0,111.91420802028411,104.3148492203326,118.0653736114502,0,0.0,1063.1955566553233
2020-10-20,116.1999969482422,118.9800033569336,115.62999725341795,117.51000213623048,115.1249008178711,124423700,AAPL,0.0,112.65236795944193,104.17336996486877,118.29037361145019,0,0.0,1063.1955566553233
2020-10-27,115.48999786376952,117.27999877929688,114.54000091552734,116.5999984741211,114.23336791992188,92276800,AAPL,0.0,114.84008331298828,105.14994226449103,118.36987342834473,0,0.0,1063.1955566553233
2020-11-06,118.31999969482422,119.1999969482422,116.12999725341795,118.69000244140624,116.48157501220705,114457900,AAPL,0.0,115.21722564697265,109.11868840528443,118.55899848937989,0,0.0,1063.1955566553233
2020-11-09,120.5,121.98999786376952,116.0500030517578,116.31999969482422,114.1556625366211,154515300,AAPL,-0.5574,114.00930913306865,111.38195467162123,118.58962364196778,-1,-1.0,1488.4737793174527
2020-11-10,115.5500030517578,117.58999633789062,114.12999725341795,115.97000122070312,113.81219482421876,138023400,AAPL,0.0,113.50302584797866,112.74629370332386,118.47437362670898,0,1.0,1063.8353723766058
2020-11-18,118.61000061035156,119.81999969482422,118.0,118.02999877929688,115.83385467529295,76322100,AAPL,-0.1027,113.53663453310726,113.07194134679415,118.13462371826172,-1,-1.0,1489.369521327248
2020-11-19,117.58999633789062,119.05999755859376,116.80999755859376,118.63999938964844,116.43250274658205,74113000,AAPL,-0.1531,113.81641235774543,114.22711349807369,117.74049873352051,0,1.0,1062.7357532404965
2020-11-20,118.63999938964844,118.7699966430664,117.29000091552734,117.33999633789062,115.15668487548828,73604300,AAPL,0.0,113.68254558658305,114.29826362486969,117.1554988861084,0,0.0,1062.7357532404965
2020-12-01,121.01000213623048,123.47000122070312,120.01000213623048,122.72000122070312,120.43658447265624,127728200,AAPL,0.1779,114.9199653295721,114.29632742568799,116.58249931335449,1,1.0,1062.7357532404965
2020-12-16,127.41000366210938,128.3699951171875,126.55999755859376,127.80999755859376,125.4318618774414,98208600,AAPL,-0.34,113.89562531606359,112.94674596353939,116.40299949645996,0,-1.0,1487.8300545366951
2020-12-18,128.9600067138672,129.10000610351562,126.12000274658205,126.66000366210938,124.30327606201172,192541500,AAPL,-0.4767,111.97255357935687,111.02696483276267,116.95899963378906,0,0.0,1485.9176225624403
2021-01-27,143.42999267578125,144.3000030517578,140.41000366210938,142.05999755859375,139.4167022705078,140843800,AAPL,0.0,100.2086631825038,99.85425711124034,118.54499969482421,0,0.0,1511.527706947234
2021-01-28,139.52000427246094,141.99000549316406,136.6999969482422,137.08999633789062,134.53919982910156,142621100,AAPL,-0.2732,103.08593219097028,91.74403690610808,120.05749969482422,0,0.0,1503.262628953678
2021-02-02,135.72999572753906,136.30999755859375,134.61000061035156,134.99000549316406,132.47825622558594,83305400,AAPL,0.0,112.67242295831491,102.09094471066851,121.39599990844727,0,0.0,1499.7703585604395
2021-02-04,136.3000030517578,137.39999389648438,134.58999633789062,137.38999938964844,134.83360290527344,84183100,AAPL,-0.1779,120.72589751706198,101.95050191061841,122.65149993896485,0,0.0,1503.7615319742151
2021-02-09,136.6199951171875,137.8800048828125,135.85000610351562,136.00999450683594,133.67874145507812,76774200,AAPL,0.0,132.73291363633965,107.51306124146944,123.70399971008301,0,0.0,1501.4665933049002
2021-02-16,135.49000549316406,136.00999450683594,132.7899932861328,133.19000244140625,130.9071044921875,80576300,AAPL,-0.4588,131.33822655595839,109.54114208350238,124.70549964904785,0,0.0,1496.776965812477
2021-02-18,129.1999969482422,130.0,127.41000366210938,129.7100067138672,127.48676300048828,96856700,AAPL,0.0,128.80353353511424,118.32427815424857,125.34249992370606,0,0.0,1490.9897567499238
2021-04-01,123.66000366210938,124.18000030517578,122.48999786376952,123.0,120.89175415039062,75089100,AAPL,0.0,120.53549191620125,118.11001108416178,125.4375,0,0.0,1479.83106153746
2021-04-05,123.87000274658205,126.16000366210938,123.06999969482422,125.9000015258789,123.74203491210938,88651200,AAPL,0.0,121.41144441344254,119.56737259713127,125.78150024414063,0,0.0,1484.653744214675
2021-04-19,133.50999450683594,135.47000122070312,133.33999633789062,134.83999633789062,132.52880859375,94264200,AAPL,0.0,121.80163775053359,124.45052278505361,126.64799995422364,0,0.0,1499.52089436254
2021-04-20,135.02000427246094,135.52999877929688,131.80999755859375,133.11000061035156,130.82846069335938,94812300,AAPL,0.0,126.09556427001954,125.15517613472431,127.47350006103515,0,0.0,1496.6439233153162
2021-04-26,134.8300018310547,135.05999755859375,133.55999755859375,134.72000122070312,132.41087341308594,66905100,AAPL,0.6662,130.96403980276014,127.72923121999284,128.275,1,1.0,1051.2444644727616
2021-04-28,134.30999755859375,135.02000427246094,133.0800018310547,133.5800018310547,131.29042053222656,107760100,AAPL,0.4404,132.1254010281922,128.5252914998573,129.13800010681152,1,0.0,1051.2444644727616
2021-04-29,136.47000122070312,137.07000732421875,132.4499969482422,133.47999572753906,131.192138671875,151101000,AAPL,0.4404,130.83308040318633,129.58828848125333,130.01349983215331,1,0.0,1051.2444644727616
2021-04-30,131.77999877929688,133.55999755859375,131.07000732421875,131.4600067138672,129.20675659179688,109839500,AAPL,0.0,130.4000130711009,129.00532056127042,130.68500022888185,0,-1.0,1471.742250261866
2021-05-03,132.0399932861328,134.07000732421875,131.8300018310547,132.5399932861328,130.26821899414062,75135100,AAPL,0.0,130.32101748729764,130.3018538215141,131.37999992370607,0,0.0,1473.4695130761306
2021-05-04,131.19000244140625,131.49000549316406,126.6999969482422,127.8499984741211,125.65860748291016,137564700,AAPL,0.0,129.4700307512383,130.26487875921694,131.90550003051757,0,0.0,1465.968629411543
2021-05-11,123.5,126.2699966430664,122.7699966430664,125.91000366210938,123.96207427978516,126142800,AAPL,0.0,127.90667739861505,129.88283206913488,132.06500015258788,0,0.0,1462.8659233365734
2021-05-13,124.58000183105467,126.1500015258789,124.26000213623048,124.97000122070312,123.03662109375,105861300,AAPL,-0.4215,123.71335477342568,128.90832675087955,131.92300033569336,-1,-1.0,1766.0907003142393
2021-05-17,126.81999969482422,126.93000030517578,125.16999816894533,126.2699966430664,124.31649780273438,74244600,AAPL,0.5106,123.90689297627864,128.7635603277809,131.90349998474122,0,1.0,1258.8688305626401
2021-05-18,126.55999755859376,126.98999786376952,124.77999877929688,124.8499984741211,122.91847229003906,63342900,AAPL,0.2023,122.9462674069659,128.4662738730274,131.0430000305176,0,0.0,1258.8688305626401
2021-05-21,127.81999969482422,128.0,125.20999908447266,125.43000030517578,123.489501953125,79295400,AAPL,-0.7184,122.43313090091647,124.67797616861398,130.46000022888182,-1,-1.0,1762.416362787696
2021-05-24,126.01000213623048,127.94000244140624,125.94000244140624,127.0999984741211,125.13365173339844,63092900,AAPL,0.0,122.50478623366212,123.8189538281132,130.06549987792968,0,1.0,1255.5166681822416
2021-05-25,127.81999969482422,128.32000732421875,126.31999969482422,126.9000015258789,124.936767578125,72009500,AAPL,0.0,123.02987756194571,123.29924303326811,129.5409999847412,0,0.0,1255.5166681822416
2021-05-26,126.95999908447266,127.38999938964844,126.41999816894533,126.8499984741211,124.88752746582033,56575900,AAPL,-0.5106,122.821190743419,122.7093107864732,129.08300018310547,-1,-1.0,1757.723335455138
2021-05-27,126.44000244140624,127.63999938964844,125.08000183105467,125.27999877929688,123.34182739257812,94625600,AAPL,0.8402,123.11486956119055,123.00672988343301,128.6875,0,1.0,1258.6245291354996
2021-06-07,126.16999816894533,126.31999969482422,124.83000183105467,125.9000015258789,123.95222473144533,71057600,AAPL,-0.5719,123.29330641395893,122.80968994335754,128.4969997406006,-1,-1.0,1762.0743407896996
2021-06-14,127.81999969482422,130.5399932861328,127.06999969482422,130.47999572753906,128.46136474609375,96906500,AAPL,0.0,123.07081756275413,122.68448163273426,128.87099952697753,0,1.0,1249.4672726213716
2021-06-17,129.8000030517578,132.5500030517578,129.64999389648438,131.7899932861328,129.75108337402344,96721700,AAPL,-0.7506,120.47316713729474,122.32911499627622,129.16549911499024,0,0.0,1249.4672726213716
2021-06-23,133.77000427246094,134.32000732421875,133.22999572753906,133.6999969482422,131.63153076171875,60214200,AAPL,-0.4588,119.22521803063641,120.3261009042802,129.1084991455078,0,0.0,1249.4672726213716
2021-06-29,134.8000030517578,136.49000549316406,134.35000610351562,136.3300018310547,134.2209014892578,64556100,AAPL,0.0,118.14781860498019,118.46961790044907,129.26949920654297,0,0.0,1249.4672726213716
2021-07-20,143.4600067138672,147.10000610351562,142.9600067138672,146.14999389648438,143.88894653320312,96350000,AAPL,-0.3182,109.47174379569476,110.37505165799124,129.84099884033202,0,0.0,1249.4672726213716
2021-07-22,145.94000244140625,148.1999969482422,145.80999755859375,146.8000030517578,144.52890014648438,77338200,AAPL,0.4588,110.7436874846438,105.98146756348414,130.5019989013672,1,1.0,1249.4672726213716
2021-07-27,149.1199951171875,149.2100067138672,145.5500030517578,146.77000427246094,144.49937438964844,104818600,AAPL,0.4404,133.54808345767097,106.4244165199661,131.16649932861327,1,0.0,1249.4672726213716
2021-07-28,144.80999755859375,146.97000122070312,142.5399932861328,144.97999572753906,142.73704528808594,118931200,AAPL,0.0,141.99029330517453,115.68485982651355,131.84249877929688,0,-1.0,1749.2541816699204
2021-08-05,146.97999572753906,147.83999633789062,146.1699981689453,147.05999755859375,144.7848663330078,46397700,AAPL,-0.6369,142.9506366042047,106.07121211940782,132.56849899291993,0,0.0,1752.8393579583505
2021-08-11,146.0500030517578,146.72000122070312,145.52999877929688,145.86000061035156,143.81858825683594,48493500,AAPL,-0.2732,142.94730659222878,118.88696252906432,133.46899909973143,0,0.0,1750.7709941036683
2021-08-18,149.8000030517578,150.72000122070312,146.14999389648438,146.36000061035156,144.3115997314453,86326000,AAPL,-0.8271,142.63801979460197,119.01237773660264,134.49149894714355,0,0.0,1751.6328145681753
2021-08-19,145.02999877929688,148.0,144.5,146.6999969482422,144.6468505859375,86960300,AAPL,0.0,142.58351653969777,131.3593059348364,135.5779987335205,0,0.0,1752.2188461718786
2021-08-20,147.44000244140625,148.5,146.77999877929688,148.19000244140625,146.11598205566406,60549600,AAPL,0.0,143.22545816510328,138.81352550284228,136.6739990234375,0,0.0,1754.7870806243518
2021-08-23,148.30999755859375,150.19000244140625,147.88999938964844,149.7100067138672,147.61473083496094,60131800,AAPL,-0.3818,142.8754864876208,142.98716146299284,137.9169994354248,0,0.0,1757.407022200642
2021-08-27,147.47999572753906,148.75,146.8300018310547,148.60000610351562,146.52024841308594,55802400,AAPL,0.34,144.0680920754212,143.35773384796613,139.07549972534179,1,1.0,1243.2276745738827
2021-08-31,152.66000366210938,152.8000030517578,151.2899932861328,151.8300018310547,149.70504760742188,86453100,AAPL,0.2263,145.78036466041286,143.12249850600116,140.31199989318847,1,0.0,1243.2276745738827
2021-09-02,153.8699951171875,154.72000122070312,152.39999389648438,153.64999389648438,151.4995574951172,71115500,AAPL,0.4588,147.56069331739363,142.74364931931729,141.64949951171874,1,0.0,1243.2276745738827
2021-09-03,153.75999450683594,154.6300048828125,153.08999633789062,154.3000030517578,152.14048767089844,57808700,AAPL,0.34,149.2011387117463,143.46518250986975,143.0219997406006,1,0.0,1243.2276745738827
2021-09-10,155.0,155.47999572753906,148.6999969482422,148.97000122070312,146.8850555419922,140893200,AAPL,0.3612,150.6475190426242,145.2637611947017,144.2064998626709,1,0.0,1243.2276745738827
2021-09-13,150.6300048828125,151.4199981689453,148.75,149.5500030517578,147.4569549560547,102404300,AAPL,-0.4404,149.09391084068844,145.57841809619276,145.38899993896484,0,-1.0,1740.518744403436
2021-09-14,150.35000610351562,151.07000732421875,146.91000366210938,148.1199951171875,146.0469512939453,109296300,AAPL,0.3612,148.81431482962384,147.13197198790172,146.27099990844727,1,1.0,1245.6052411440455
2021-09-16,148.44000244140625,148.97000122070312,147.22000122070312,148.7899932861328,146.7075653076172,68034100,AAPL,0.0,147.06577690513558,147.29159667684416,147.12099990844726,0,-1.0,1743.8473376016636
2021-09-17,148.82000732421875,148.82000732421875,145.75999450683594,146.05999755859375,144.01577758789062,129868800,AAPL,-0.0258,145.14792575948815,147.10864274106683,147.73899993896484,-1,-1.0,2092.6168051219965
2021-09-21,143.92999267578125,144.60000610351562,142.77999877929688,143.42999267578125,141.42257690429688,75834000,AAPL,0.0,143.45221616289385,147.4576393712623,148.09399948120117,0,1.0,1500.109197089174
2021-09-23,146.64999389648438,147.0800018310547,145.63999938964844,146.8300018310547,144.77500915527344,64838200,AAPL,0.0,143.85678643407135,146.9722941075724,148.12799987792968,0,0.0,1500.109197089174
2021-10-01,141.89999389648438,142.9199981689453,139.11000061035156,142.64999389648438,140.65350341796875,94639600,AAPL,0.0,142.45142551402773,145.98517476881372,147.920499420166,0,0.0,1500.109197089174
2021-10-04,141.75999450683594,142.2100067138672,138.27000427246094,139.13999938964844,137.19264221191406,98322000,AAPL,0.0,140.51833017391291,143.95718385483465,147.53899917602538,0,0.0,1500.109197089174
2021-10-07,143.05999755859375,144.22000122070312,142.72000122070312,143.2899932861328,141.28456115722656,61732700,AAPL,0.0,140.06565856933594,142.40446180875566,147.4544990539551,0,0.0,1500.109197089174
2021-10-08,144.02999877929688,144.17999267578125,142.55999755859375,142.89999389648438,140.89999389648438,58773200,AAPL,-0.3818,138.85582509302233,140.61985992514525,147.24649887084962,-1,-1.0,2100.1528759248436
2021-10-15,143.77000427246094,144.89999389648438,143.50999450683594,144.83999633789062,142.81285095214844,67940300,AAPL,-0.7184,137.6913968034095,140.01460490174082,147.19549865722655,-1,0.0,2104.2259558814976
2021-10-18,143.4499969482422,146.83999633789062,143.16000366210938,146.5500030517578,144.4989471435547,85589200,AAPL,0.0,137.08720665854517,139.7750759427875,147.2049987792969,0,1.0,1492.4459185207343
2021-10-21,148.80999755859375,149.63999938964844,147.8699951171875,149.47999572753906,147.38792419433594,61421000,AAPL,-0.296,138.44258699868521,139.2117795649,147.34399871826173,0,0.0,1492.4459185207343
2021-10-22,149.69000244140625,150.17999267578125,148.63999938964844,148.69000244140625,146.60899353027344,58883400,AAPL,0.0,139.45175044105727,139.0799129512406,147.3689987182617,0,0.0,1492.4459185207343
2021-10-29,147.22000122070312,149.94000244140625,146.41000366210938,149.8000030517578,147.70346069335938,124953200,AAPL,0.0,143.03586736935836,139.12521848690704,147.37349853515624,0,0.0,1492.4459185207343
2021-11-02,148.66000366210938,151.57000732421875,148.64999389648438,150.02000427246094,147.9203643798828,69122000,AAPL,0.0,145.59466896799535,138.89156616209695,147.44449844360352,0,0.0,1492.4459185207343
2021-11-03,150.38999938964844,151.97000122070312,149.82000732421875,151.49000549316406,149.36984252929688,54511500,AAPL,-0.296,146.55678837543564,138.38000236669095,147.427498626709,0,0.0,1492.4459185207343
2021-11-09,150.1999969482422,151.42999267578125,150.05999755859375,150.80999755859375,148.91632080078125,56787900,AAPL,-0.4215,146.7671869797108,140.572591062008,147.28549880981444,0,0.0,1492.4459185207343
2021-11-10,150.02000427246094,150.1300048828125,147.85000610351562,147.9199981689453,146.06263732910156,65187100,AAPL,-0.6249,146.11342560233575,141.1591149960006,146.96649856567382,0,0.0,1492.4459185207343
2021-11-12,148.42999267578125,150.39999389648438,147.47999572753906,149.99000549316406,148.1066131591797,63804000,AAPL,0.6369,146.41379116457426,144.27246691022748,147.0174987792969,1,1.0,1492.4459185207343
2021-11-17,151.0,155.0,150.99000549316406,153.49000549316406,151.56268310546875,88807000,AAPL,0.0,146.17097788570078,145.83150227678365,147.2144989013672,0,-1.0,2089.424285929028
2021-11-23,161.1199951171875,161.8000030517578,159.05999755859375,161.41000366210938,159.38323974609375,96041900,AAPL,-0.4404,137.2466909291499,143.0525286084751,147.87899932861328,0,0.0,2104.8261603428778
2021-12-08,172.1300048828125,175.9600067138672,170.6999969482422,175.0800018310547,172.88157653808594,116998900,AAPL,-0.3182,103.86272713857542,126.23148462078731,149.19349975585936,0,0.0,2131.4099537408615
2021-12-13,181.1199951171875,182.1300048828125,175.52999877929688,175.74000549316406,173.53326416015625,153237000,AAPL,0.0,135.6155378902277,114.262657883884,150.6775001525879,0,0.0,2132.6934506937205
2021-12-15,175.11000061035156,179.5,172.30999755859375,179.3000030517578,177.048583984375,131063300,AAPL,0.0,129.8858034695708,102.40003720335706,152.47100067138672,0,0.0,2139.6165123083138
2021-12-27,177.08999633789062,180.4199981689453,177.07000732421875,180.3300018310547,178.065673828125,74919600,AAPL,0.0,154.157599099364,95.84429314936132,154.14600067138673,0,0.0,2141.6195319437666
2021-12-30,179.47000122070312,180.57000732421875,178.08999633789062,178.1999969482422,175.96241760253906,59773000,AAPL,-0.4939,172.88069735426342,89.462956518868,155.92350082397462,0,0.0,2137.4773507202153
2021-12-31,178.08999633789062,179.22999572753906,177.25999450683594,177.57000732421875,175.34030151367188,64062300,AAPL,0.6369,174.78148305174906,122.6806412930398,157.84500122070312,1,1.0,1445.6179829359253
2022-01-03,177.8300018310547,182.8800048828125,177.7100067138672,182.00999450683597,179.72451782226562,104487900,AAPL,0.34,176.22168723216342,156.08918610294012,159.78100128173827,1,0.0,1445.6179829359253
2022-01-05,179.61000061035156,180.1699981689453,174.63999938964844,174.9199981689453,172.72357177734375,94537600,AAPL,0.0,175.34768186855067,158.26363450682211,161.38200149536132,0,-1.0,2023.8651761102956
2022-01-25,158.97999572753906,162.75999450683594,157.02000427246094,159.77999877929688,157.77369689941406,115798400,AAPL,-0.296,162.59381077363966,159.14886033545628,162.12900161743164,-1,-1.0,2428.638211332355
2022-01-26,163.5,164.38999938964844,157.82000732421875,159.69000244140625,157.68479919433594,108275300,AAPL,-0.4939,154.91225091724255,157.22333407781127,162.78600158691407,-1,0.0,2428.4427921427987
2022-01-27,162.4499969482422,163.83999633789062,158.27999877929688,159.22000122070312,157.22073364257812,121954600,AAPL,0.6808,151.65170962818382,161.8731585535487,163.27300186157225,0,1.0,1735.9575653245197
2022-02-01,174.00999450683594,174.83999633789062,172.30999755859375,174.61000061035156,172.41748046875,86213900,AAPL,0.6369,159.01769253526112,167.12262786188023,164.56900177001953,1,1.0,1735.9575653245197
2022-02-02,174.75,175.8800048828125,173.3300018310547,175.83999633789062,173.63201904296875,84914300,AAPL,0.0,158.97263803928317,166.88698980134427,165.87100143432616,0,-1.0,2430.3405914543278
2022-02-03,174.47999572753906,176.24000549316406,172.1199951171875,172.89999389648438,170.7289276123047,89418100,AAPL,0.0,169.74830493050902,166.3629383123627,167.01500091552734,0,0.0,2424.5356328709295
2022-02-10,174.13999938964844,175.47999572753906,171.5500030517578,172.1199951171875,170.17527770996094,90865900,AAPL,0.0258,179.66575185966667,172.66905425487442,168.0465003967285,1,1.0,1743.302611271503
2022-02-11,172.3300018310547,173.0800018310547,168.0399932861328,168.63999938964844,166.73460388183594,98670700,AAPL,0.0,170.65019697436338,167.51738585036662,168.93800048828126,0,-1.0,2440.6236557801044
2022-02-22,164.97999572753906,166.69000244140625,162.14999389648438,164.32000732421875,162.46340942382812,91162800,AAPL,-0.3612,165.19155594306181,160.77600921663355,169.75800094604492,-1,-1.0,2928.748386936125
2022-03-01,164.6999969482422,166.60000610351562,161.97000122070312,163.1999969482422,161.35606384277344,83474400,AAPL,0.6369,165.07081532407236,162.6667786092158,170.41850051879882,0,1.0,2094.814910925115
2022-03-08,158.82000732421875,162.8800048828125,155.8000030517578,157.44000244140625,155.66116333007812,131148300,AAPL,-0.1027,160.6623967138281,164.10461236958443,170.61600036621093,-1,-1.0,2932.740875295161
2022-03-11,158.92999267578125,159.27999877929688,154.5,154.72999572753906,152.9817657470703,96970100,AAPL,0.0,157.07633866316684,169.18061043293545,170.28199996948243,0,1.0,2102.026499320547
2022-03-14,151.4499969482422,154.1199951171875,150.10000610351562,150.6199951171875,148.918212890625,108732100,AAPL,0.0,153.39315471271408,165.31537991544332,169.05899963378906,0,0.0,2102.026499320547
2022-03-21,163.50999450683594,166.35000610351562,163.00999450683594,165.3800048828125,163.51141357421875,95811400,AAPL,0.0,158.57753728442407,159.87102068204172,168.54099960327147,0,0.0,2102.026499320547
2022-03-29,176.69000244140625,179.00999450683594,176.33999633789062,178.9600067138672,176.93801879882812,100589400,AAPL,0.0,153.57677726633705,159.95810364335884,168.52399978637695,0,0.0,2102.026499320547
2022-03-31,177.83999633789062,178.02999877929688,174.39999389648438,174.61000061035156,172.6371612548828,103049300,AAPL,-0.7506,118.00716306726929,148.2397197329193,168.2379997253418,0,0.0,2102.026499320547
2022-04-01,174.02999877929688,174.8800048828125,171.94000244140625,174.30999755859375,172.34054565429688,78751300,AAPL,0.6369,144.34373165218454,152.81929535385913,168.0434997558594,1,1.0,2102.026499320547
2022-04-07,171.16000366210938,173.36000061035156,169.85000610351562,172.13999938964844,170.19505310058594,77594700,AAPL,0.0,165.9590799596934,152.7267182570471,167.77199935913086,0,-1.0,2942.837099048766
2022-04-19,165.02000427246094,167.82000732421875,163.91000366210938,167.39999389648438,165.5085906982422,67723800,AAPL,0.0,167.53474752877096,159.2642576325925,167.04149932861327,0,0.0,2931.26092013755
2022-04-20,168.75999450683594,168.8800048828125,166.10000610351562,167.22999572753906,165.34051513671875,67929800,AAPL,0.0,165.9922290563981,154.23924604983296,166.65699920654296,0,0.0,2930.845745678126
2022-04-28,159.25,164.52000427246094,158.92999267578125,163.63999938964844,161.7910919189453,130216800,AAPL,0.2023,169.00737603086128,158.88454893610214,166.84999923706056,0,0.0,2922.0781524848344
2022-05-02,156.7100067138672,158.22999572753906,153.27000427246094,157.9600067138672,156.17529296875,123055300,AAPL,0.4019,166.07569517812254,162.514960593048,166.76349945068358,0,0.0,2908.2063096095326
2022-05-05,163.85000610351562,164.0800018310547,154.9499969482422,156.77000427246094,154.99874877929688,130525300,AAPL,0.3612,164.53216026507562,165.46441845854625,166.6409996032715,0,0.0,2905.300051128109
2022-05-17,148.86000061035156,149.77000427246094,146.67999267578125,149.24000549316406,147.77061462402344,78336300,AAPL,0.0516,165.47777282988153,164.66439840758227,165.37249984741212,0,-1.0,2886.9100696827095
2022-05-25,138.42999267578125,141.7899932861328,138.33999633789062,140.52000427246094,139.13645935058594,92482700,AAPL,-0.6249,147.41672023637602,146.1924536828391,163.60650024414062,-1,-1.0,4041.6740975557937
2022-06-03,146.89999389648438,147.97000122070312,144.4600067138672,145.3800048828125,143.94862365722656,88570300,AAPL,0.6369,149.52507542541304,170.0045912013079,162.23050079345703,0,1.0,2866.940835019887
2022-06-06,147.02999877929688,148.57000732421875,144.89999389648438,146.13999938964844,144.70111083984375,71598400,AAPL,0.0,143.73988342717848,158.57162859022614,160.93150100708007,0,0.0,2866.940835019887
2022-06-10,140.27999877929688,140.75999450683594,137.05999755859375,137.1300048828125,135.7798309326172,91437900,AAPL,0.0,138.71548479733747,155.20687622719262,159.3560012817383,0,0.0,2866.940835019887
2022-06-21,133.4199981689453,137.05999755859375,133.32000732421875,135.8699951171875,134.53224182128906,81000500,AAPL,0.0,136.00193710750395,152.094179727949,157.93350067138672,0,0.0,2866.940835019887
2022-06-23,136.82000732421875,138.58999633789062,135.6300048828125,138.27000427246094,136.90859985351562,72433800,AAPL,-0.2263,139.017662382613,144.13947862678612,156.68700103759767,-1,-1.0,4013.7171690278415
2022-06-27,142.6999969482422,143.49000549316406,140.97000122070312,141.66000366210938,140.26522827148438,70207900,AAPL,0.0,135.91609621910533,140.95678715613292,155.89800109863282,0,1.0,2852.8829376009726
2022-06-29,137.4600067138672,140.6699981689453,136.6699981689453,139.22999572753906,137.859130859375,66242400,AAPL,0.0,135.63987345202386,137.97623874024967,155.1230010986328,0,0.0,2852.8829376009726
2022-07-01,136.0399932861328,139.0399932861328,135.66000366210938,138.92999267578125,137.56210327148438,71051600,AAPL,-0.4215,135.3301034735254,135.4122796453633,154.5385009765625,-1,-1.0,3994.036112641362
2022-07-12,145.75999450683594,148.4499969482422,145.0500030517578,145.86000061035156,144.42384338378906,77588800,AAPL,0.4939,136.8826849484794,136.57082421464824,153.56250076293946,0,1.0,2824.4218385780814
2022-07-20,151.1199951171875,153.72000122070312,150.3699951171875,153.0399932861328,151.53317260742188,64823400,AAPL,-0.2263,135.87443595280538,138.01930266638288,152.26650009155273,0,0.0,2824.4218385780814
2022-07-28,156.97999572753906,157.63999938964844,154.41000366210938,157.35000610351562,155.8007354736328,81378700,AAPL,0.296,137.73438937633836,136.09501334491523,151.40350036621095,1,1.0,2824.4218385780814
2022-08-01,161.00999450683594,163.58999633789062,160.88999938964844,161.50999450683594,159.91978454589844,67829400,AAPL,0.0,140.75469383825538,134.50143025699754,150.76350021362305,0,-1.0,3954.1905740093143
2022-09-01,156.63999938964844,158.4199981689453,154.6699981689453,157.9600067138672,156.6219940185547,74229900,AAPL,0.4522,158.28000293807085,139.9418241810277,150.05450057983398,1,1.0,2836.837990383129
2022-09-06,156.47000122070312,157.08999633789062,153.69000244140625,154.52999877929688,153.2210235595703,73714800,AAPL,-0.2732,153.8954116556946,137.98018314159032,149.4110008239746,0,-1.0,3971.5731865363805
2022-09-07,154.82000732421875,156.6699981689453,153.61000061035156,155.9600067138672,154.63893127441406,87449600,AAPL,0.7003,156.18428049131134,148.88902252377972,148.847501373291,1,1.0,2831.5876171644863
2022-09-19,149.30999755859375,154.55999755859375,149.10000610351562,154.47999572753906,153.1714630126953,81474200,AAPL,0.1531,155.73503627365548,151.0276018162175,148.38950119018554,1,0.0,2831.5876171644863
2022-09-20,153.39999389648438,158.0800018310547,153.0800018310547,156.89999389648438,155.5709686279297,107689800,AAPL,0.0,153.9851867454243,152.335247021406,148.3365005493164,0,-1.0,3964.222664030281
2022-09-23,151.19000244140625,151.47000122070312,148.55999755859375,150.42999267578125,149.15577697753906,96029900,AAPL,0.5994,153.24100379123072,155.5536275557201,148.0194999694824,1,1.0,2854.940550309492
2022-09-27,152.74000549316406,154.72000122070312,149.9499969482422,151.75999450683594,150.47450256347656,84442700,AAPL,0.0,153.7590718189807,154.2303376630081,148.145499420166,0,-1.0,3996.9167704332895
2022-10-04,145.02999877929688,146.22000122070312,144.25999450683594,146.10000610351562,144.86245727539062,87830100,AAPL,-0.296,150.17935454419418,154.2849528058277,148.42449951171875,-1,-1.0,4796.3001245199475
2022-10-11,139.89999389648438,141.35000610351562,138.22000122070312,138.97999572753906,137.80276489257812,77033700,AAPL,0.0,146.63904156434796,153.67431729203545,148.10449905395507,0,1.0,3459.3203737049507
2022-10-12,139.1300048828125,140.36000061035156,138.16000366210938,138.33999633789062,137.16818237304688,70433700,AAPL,0.0,142.94981559913586,152.1209987856948,147.7144989013672,0,0.0,3459.3203737049507
2022-10-17,141.07000732421875,142.89999389648438,140.27000427246094,142.41000366210938,141.20372009277344,85250900,AAPL,0.0,137.71625116819226,148.2621493478261,147.97849884033204,0,0.0,3459.3203737049507
2022-10-18,145.49000549316406,146.6999969482422,140.61000061035156,143.75,142.53236389160156,99136600,AAPL,-0.128,137.94140457658133,148.51298346202856,148.37249908447265,-1,-1.0,4843.048523186931
2022-10-21,142.8699951171875,147.85000610351562,142.64999389648438,147.27000427246094,146.02255249023438,86548600,AAPL,0.0,139.27383753963352,144.42071648473214,148.82249908447267,0,1.0,3442.378707624599
2022-10-25,150.08999633789062,152.49000549316406,149.36000061035156,152.33999633789062,151.04959106445312,74732300,AAPL,0.0,141.19220564914585,143.68139291550827,149.35649871826172,0,0.0,3442.378707624599
2022-10-27,148.07000732421875,149.0500030517578,144.1300048828125,144.8000030517578,143.57345581054688,109180200,AAPL,0.2023,143.71496092050697,143.27301117985832,149.63499908447267,0,0.0,3442.378707624599
2022-10-31,153.16000366210938,154.24000549316406,151.9199981689453,153.33999633789062,152.04110717773438,97943200,AAPL,0.6369,148.21503071522213,143.64844793260156,150.35549926757812,1,1.0,3442.378707624599
2022-11-01,155.0800018310547,155.4499969482422,149.1300048828125,150.64999389648438,149.37388610839844,80379300,AAPL,0.0,149.5173985743817,143.5395283397401,150.59499893188476,0,-1.0,4819.330190674438
2022-11-07,137.11000061035156,139.14999389648438,135.6699981689453,138.9199981689453,137.9717559814453,83374600,AAPL,-0.34,146.92035179757326,142.57413671740932,149.88899917602538,-1,-1.0,5783.196228809326
2022-11-10,141.24000549316406,146.8699951171875,139.5,146.8699951171875,145.86749267578125,118854000,AAPL,0.0,145.70451390118788,143.42297440926214,149.364998626709,0,1.0,4083.575035534161
2022-11-21,150.16000366210938,150.3699951171875,147.72000122070312,148.00999450683594,146.99972534179688,58724100,AAPL,-0.7906,136.32777276263297,141.33307614351196,148.68999862670898,-1,-1.0,5717.005049747826
2022-11-25,148.30999755859375,148.8800048828125,147.1199951171875,148.11000061035156,147.0990447998047,35195900,AAPL,0.0,135.8002272522864,142.31983037555491,148.1974983215332,0,1.0,4083.0232046539854
2022-11-28,145.13999938964844,146.63999938964844,143.3800048828125,144.22000122070312,143.235595703125,69246000,AAPL,0.0,136.59374522228524,142.91331066768348,147.6819984436035,0,0.0,4083.0232046539854
2022-12-01,148.2100067138672,149.1300048828125,146.61000061035156,148.30999755859375,147.29766845703125,71250400,AAPL,0.1779,144.29294632412916,143.33271859066295,147.29949798583985,1,1.0,4083.0232046539854
2022-12-02,145.9600067138672,148.0,145.64999389648438,147.80999755859375,146.8011016845703,65447400,AAPL,-0.7845,143.53828869268511,140.95006883540404,146.96599807739258,0,-1.0,5716.23248651558
2022-12-05,147.77000427246094,150.9199981689453,145.77000427246094,146.6300048828125,145.629150390625,68826400,AAPL,-0.3818,143.79378322800926,140.01981427196148,146.45249862670897,0,0.0,5709.713390979262
2022-12-06,147.07000732421875,147.3000030517578,141.9199981689453,142.91000366210938,141.93453979492188,64727200,AAPL,0.1027,141.78118375819668,139.49442947157743,146.07649917602538,0,0.0,5689.1615317595215
2022-12-07,142.19000244140625,143.3699951171875,140.0,140.94000244140625,139.9779815673828,69721100,AAPL,0.0,139.0928150540069,138.4870545090223,145.5354995727539,0,0.0,5678.277882709816
2023-01-17,134.8300018310547,137.2899932861328,134.1300048828125,135.94000244140625,135.01210021972656,63646600,AAPL,0.0516,131.17082411279742,137.20425322463893,145.02749938964843,0,0.0,5650.654425081144
2023-01-31,142.6999969482422,144.33999633789062,142.27999877929688,144.2899932861328,143.3050994873047,65874500,AAPL,-0.5106,134.92418817151253,135.49071837646974,145.29299926757812,-1,-1.0,6859.478983818695
2023-02-02,148.89999389648438,151.17999267578125,148.1699981689453,150.82000732421875,149.79054260253906,118339000,AAPL,-0.1779,133.95400466889743,136.7487970773379,145.91699981689453,0,1.0,4855.2801567611805
2023-04-18,166.10000610351562,167.41000366210938,165.64999389648438,166.47000122070312,165.58616638183594,49923000,AAPL,0.4019,119.89712413287396,125.39471554460553,147.11999969482423,1,1.0,4855.2801567611805
2023-04-24,165.0,165.60000610351562,163.88999938964844,165.3300018310547,164.45220947265625,41949600,AAPL,0.0,117.93613241039368,117.79985480039386,148.19899978637696,0,-1.0,6797.392219465653
2023-04-27,165.19000244140625,168.55999755859375,165.19000244140625,168.41000366210938,167.51585388183594,64902300,AAPL,0.0,134.0696770980854,106.15163528418421,149.25599975585936,0,0.0,6815.482428874093
2023-05-04,164.88999938964844,167.0399932861328,164.30999755859375,165.7899932861328,164.9097442626953,81235400,AAPL,-0.8316,144.80937110394996,100.21406989900815,149.9284996032715,0,0.0,6800.093952193392
2023-05-05,170.97999572753906,174.3000030517578,170.75999450683594,173.57000732421875,172.64845275878906,113316400,AAPL,0.0,163.1827991378988,105.8990684051978,151.36699981689452,0,0.0,6845.789406569595
2023-05-09,173.0500030517578,173.5399932861328,171.60000610351562,171.77000427246094,170.85801696777344,45326900,AAPL,-0.4215,160.54598199126883,89.70093182378001,152.28850021362305,0,0.0,6835.217194626792
2023-05-22,173.97999572753906,174.7100067138672,173.4499969482422,174.1999969482422,173.51478576660156,43570900,AAPL,0.0,162.35762390068743,99.02567672682963,153.46600036621095,0,0.0,6849.489613533376
2023-06-02,181.02999877929688,181.77999877929688,179.25999450683594,180.9499969482422,180.23822021484372,61945900,AAPL,0.4939,159.23748608839736,127.57993988967951,155.56750030517577,1,1.0,4763.537035124147
2023-06-05,182.6300048828125,184.9499969482422,178.0399932861328,179.5800018310547,178.8736114501953,121946500,AAPL,0.0,173.0557587480899,152.9623746576157,157.20300064086913,0,-1.0,6668.951849173805
2023-06-06,179.97000122070312,180.1199951171875,177.42999267578125,179.2100067138672,178.5050811767578,64848400,AAPL,0.25,175.0792371647517,165.73574508434206,158.76300125122071,1,1.0,4765.499932357209
2023-06-07,178.44000244140625,181.2100067138672,177.32000732421875,177.82000732421875,177.12054443359375,61944600,AAPL,0.0,177.62895947896737,165.84129448375091,160.24850158691407,0,-1.0,6671.699905300094
2023-06-09,181.5,182.22999572753903,180.6300048828125,180.9600067138672,180.24819946289065,48870700,AAPL,-0.5719,177.85947733002632,164.84160233991386,162.08550186157225,0,0.0,6688.530032690301
2023-06-23,185.5500030517578,187.55999755859372,185.00999450683597,186.67999267578125,185.9456787109375,53079300,AAPL,0.0,177.03321393852002,165.05874564996407,164.00400161743164,0,0.0,6719.18866680551
2023-08-03,191.57000732421875,192.3699951171875,190.69000244140625,191.1699981689453,190.41802978515625,61235200,AAPL,0.5927,179.57281830865276,175.51112005226383,166.17200164794923,1,1.0,4693.945126545604
2023-08-04,185.5200042724609,187.3800048828125,181.9199981689453,181.9900054931641,181.27415466308597,115799700,AAPL,0.0,179.00270016562695,176.66122124080962,167.94000167846679,0,-1.0,6571.5231771638455
2023-09-01,189.4900054931641,189.9199981689453,188.27999877929688,189.4600067138672,188.9696044921875,45732600,AAPL,-0.34,179.3371688140223,179.1189690275301,170.2675018310547,0,0.0,6610.056915025099
2023-09-07,175.17999267578125,178.2100067138672,173.5399932861328,177.55999755859375,177.10040283203125,112488800,AAPL,-0.1027,181.9567077325511,179.24297607205116,172.09850158691407,0,0.0,6548.671137461241
2023-09-12,179.49000549316406,180.1300048828125,174.82000732421875,176.3000030517578,175.84365844726562,90370200,AAPL,0.0,179.09752979369915,177.22559624092247,174.11650161743165,0,0.0,6542.171500232472
2023-09-13,176.50999450683594,177.3000030517578,173.97999572753906,174.2100067138672,173.75906372070312,84267900,AAPL,0.0,171.9770844284257,176.05904551288845,175.61250228881835,0,0.0,6531.390327828904
2023-09-26,174.82000732421875,175.1999969482422,171.66000366210938,171.9600067138672,171.514892578125,64588900,AAPL,0.5574,173.4157986407061,175.600810049184,176.66950225830078,0,0.0,6519.783782177006
2023-09-29,172.02000427246094,173.07000732421875,170.33999633789062,171.2100067138672,170.76683044433594,51814200,AAPL,0.0,173.3160404565397,174.22590565636492,176.906502532959,0,0.0,6515.914933626374
2023-10-02,171.22000122070312,174.3000030517578,170.92999267578125,173.75,173.30026245117188,52164500,AAPL,0.0,172.48114739993025,179.30214790962162,177.32750244140624,0,0.0,6529.017399417936
2023-10-05,173.7899932861328,175.4499969482422,172.67999267578125,174.91000366210938,174.45726013183594,48527900,AAPL,0.6369,172.338522390102,181.1186302321642,177.65250244140626,0,0.0,6535.001237400443
2023-10-19,176.0399932861328,177.83999633789062,175.19000244140625,175.4600067138672,175.00584411621094,59302900,AAPL,0.0,172.81095211416732,176.09173614981236,178.13600311279296,0,0.0,6537.838408746625
2023-10-20,175.30999755859375,175.4199981689453,172.63999938964844,172.8800048828125,172.43251037597656,64189300,AAPL,0.0,172.5543295183465,175.14103902801122,178.10150299072265,0,0.0,6524.529560287018
2023-10-26,170.3699951171875,171.3800048828125,165.6699981689453,166.88999938964844,166.45802307128906,70625300,AAPL,-0.3612,171.12935312286552,172.30663957695572,177.85750274658204,-1,-1.0,7885.827812596614
2023-10-27,166.91000366210938,168.9600067138672,166.8300018310547,168.22000122070312,167.78457641601562,58499100,AAPL,-0.2023,168.73869653518904,171.1957660340064,177.5585029602051,-1,0.0,7894.805638425854
2023-10-30,169.02000427246094,171.1699981689453,168.8699951171875,170.2899932861328,169.8491973876953,51131000,AAPL,-0.3818,164.77012609746893,169.97017189127698,177.0255027770996,-1,0.0,7908.778572746252
2023-10-31,169.35000610351562,170.89999389648438,167.89999389648438,170.77000427246094,170.32797241210938,44846000,AAPL,0.0,166.33621876824583,169.663282454825,176.58500289916992,0,1.0,5606.543204413045
2023-11-01,171.0,174.22999572753906,170.1199951171875,173.97000122070312,173.51968383789062,56934900,AAPL,0.7096,166.86817669643335,169.949085853397,176.32300262451173,0,0.0,5606.543204413045
2023-11-02,175.52000427246094,177.77999877929688,175.4600067138672,177.57000732421875,177.11038208007812,77334800,AAPL,0.1335,169.85326694632144,170.56253074543,176.3105026245117,1,1.0,5606.543204413045
2023-11-10,183.97000122070312,186.57000732421875,183.52999877929688,186.3999938964844,186.16244506835935,66133400,AAPL,0.0,175.1047770963798,190.60064963563704,176.58250198364257,0,-1.0,7849.160486178263
2023-11-17,190.25,190.3800048828125,188.57000732421875,189.69000244140625,189.44825744628903,50922700,AAPL,0.0,189.64429962545563,191.52091725386492,176.73300247192384,0,0.0,7868.951876364935
2023-11-20,189.88999938964844,191.91000366210935,189.8800048828125,191.4499969482422,191.2060089111328,46505100,AAPL,0.0,192.70293507992906,192.00166184118908,176.74700241088868,0,0.0,7879.539307228892
2023-11-29,190.8999938964844,192.08999633789065,188.97000122070312,189.3699951171875,189.128662109375,43014200,AAPL,0.0,186.45197218042415,192.25779755478075,177.11600189208986,0,0.0,7867.026838867393
2023-12-07,193.6300048828125,195.0,193.58999633789065,194.2700042724609,194.02243041992188,47477700,AAPL,0.5859,189.97273661814108,193.42622039837815,177.35650177001952,1,1.0,5559.200334630984
2023-12-15,197.52999877929688,198.3999938964844,197.0,197.57000732421875,197.31822204589844,128256700,AAPL,0.0,193.1105627811108,193.1105627811108,178.35700225830078,0,-1.0,7782.880468483378
2023-12-18,196.08999633789065,196.6300048828125,194.38999938964844,195.88999938964844,195.64035034179688,55751900,AAPL,-0.6486,192.82876345707032,192.82876345707032,179.3365020751953,0,0.0,7773.426097550729
2023-12-20,196.8999938964844,197.67999267578125,194.8300018310547,194.8300018310547,194.5817108154297,52242800,AAPL,0.0,192.75609842936197,192.75609842936197,180.36750183105468,0,0.0,7767.460881613097
2023-12-22,195.17999267578125,195.41000366210935,192.97000122070312,193.6000061035156,193.3532867431641,37122800,AAPL,0.0,192.34329223632812,192.34329223632812,181.44950180053712,0,0.0,7760.538988201503
2023-12-28,194.13999938964844,194.66000366210935,193.1699981689453,193.5800018310547,193.3332977294922,34049900,AAPL,0.0,192.3332977294922,192.3332977294922,182.5680015563965,0,0.0,7760.426412654572
